48.8648961
2.3224922
48.8055152
2.4968445
48.8660214
2.35255
48.8073639
2.5104996
48.8801931
2.3090971
48.8717046
2.202507
48.839407
2.270926
48.8856373
2.3263659
48.8550315
2.3449206
48.8200001
2.2591951
48.7867272
2.0444538
48.7050944
2.0450071
48.8792041
2.3039281
48.2679308
2.6856934
48.5648011
2.5938072
48.9846777
2.3539073
48.8364059
2.4010293
48.8197744
2.2521281
48.8049066
2.3823077
48.7278436
2.2925779
48.9324664
2.0418722
48.819733
2.1132615
48.3192128
2.993449
48.8317517
2.4861746
48.7750145
2.3020924
48.855401
2.4000885
48.8599048
2.384615
48.5611552
3.2813711
48.8662415
2.3650038
48.8693907
2.3535655
48.7914091
2.3642438
48.9032646
2.4581889
48.8749247
2.3636604
48.9023835
2.3888226
48.8119248
2.3561317
48.9803675
2.2715033
48.5392379
2.6640001
48.8682917
2.3606483
48.8262166
2.3382475
48.4451745
2.6031789
48.8827284
2.3435858
48.8694215
2.3127592
48.8399732
2.3214653
48.838693
2.3209191
48.8161358
2.3883779
48.7950314
2.3329185
