48.853316282
2.4092580922
48.8641209737
2.40898577927
48.871931094
2.39205233078
48.8539200144
2.40121377562
48.8520153931
2.40941694296
48.8860364099
2.36585090836
48.8316579678
2.32017895806
48.8255077843
2.30413872566
48.8633808937
2.37103958224
48.8461125711
2.37654776216
48.8447973165
2.29047954621
48.8455266136
2.30189794396
48.8331257246
2.29949867929
48.8483316154
2.26053361507
48.89897484
2.38677478399
48.8538120573
2.34924320363
48.8607904279
2.35131575012
48.8403933177
2.36127326357
48.8413080498
2.35622468312
48.8651933367
2.30018344608
48.8842143492
2.32896961596
48.8834206116
2.34743316865
48.8704916014
2.35137801482
48.8379115955
2.35564597258
48.8395377213
2.40614056565
48.900593189
2.33510623694
48.884027564
2.30420617992
48.8814959992
2.29553252401
48.8524088863
2.32450293411
48.8538097036
2.41151638346
48.8648794041
2.40077806096
48.8751948911
2.39929340851
48.8783446409
2.40811652639
48.8705656453
2.24617557881
48.8348792313
2.32414275734
48.8683953942
2.36340914056
48.8495778195
2.39630210654
48.864897215
2.37608281094
48.8696842394
2.37116053326
48.8449844522
2.38031784806
48.8189769476
2.35759121855
48.8392330425
2.3063326916
48.8458131214
2.25598704083
48.860059866
2.3607006874
48.8743584023
2.32045168535
48.8776056469
2.32703687581
48.8770143131
2.3639905019
48.8822446294
2.35053422888
48.8430740444
2.36433400263
48.8358225476
2.36004871071
48.8398095347
2.3196854419
48.9008257893
2.34380740735
48.8917888247
2.33522147939
48.8278296391
2.36173561558
48.824162578
2.33984893405
48.8552210837
2.36527663182
48.8798695502
2.38516851989
48.8382570061
2.44464326722
48.8479096767
2.36012026058
48.8527196637
2.4089887074
48.8544550261
2.41224737391
48.8702736796
2.36586338772
48.8504315708
2.38403796322
48.8672923257
2.3685754962
48.8332259501
2.40401437963
48.829376228
2.36530147937
48.8331389925
2.3329171443
48.8447364971
2.3110142464
48.895495352
2.37896297585
48.8909604082
2.37724300043
48.863547401
2.34247229869
48.8631566816
2.34183617582
48.86274833
2.3463926621
48.8700582338
2.32934537657
48.8526426891
2.36835669396
48.8602128693
2.35039774647
48.8624769936
2.31080862272
48.873480742
2.3752817699
48.8352392655
2.3687826073
48.8189867195
2.34433502421
48.8614574677
2.3787483757
48.8519924785
2.38092400605
48.83625107
2.40119094677
48.8950062312
2.35327386353
48.8971045753
2.33587518158
48.8894228218
2.31886669765
48.8399284317
2.4407682131
48.8642864915
2.36049974759
48.8274983828
2.36731787453
48.8188480991
2.34807240622
48.8261907557
2.33822983711
48.8600157129
2.40102151004
48.8872351151
2.37583653176
48.8347355495
2.33680388506
48.829484717
2.34942544086
48.8459388981
2.26908155551
48.8838976204
2.3978596801
48.8778639144
2.38125083002
48.8648280163
2.35161126359
48.8667935436
2.34957136512
48.8630936107
2.35271771473
48.8493302626
2.35484618236
48.8543011761
2.30508321087
48.8976316118
2.35891564605
48.8890639238
2.34515427599
48.8876267854
2.35275147826
48.8851123413
2.34434695141
48.8862672617
2.34386321191
48.8888826743
2.29757004647
48.8884709656
2.31581151093
48.8445758286
2.38766229578
48.8891700227
2.31537255449
48.8285870861
2.34943662896
48.8783275128
2.35212188202
48.8858032504
2.37584765342
48.866284053
2.38977745052
48.841005859
2.40220529493
48.8354861005
2.31779797889
48.8245410243
2.33948840387
48.8700279012
2.36659750721
48.8656969837
2.38095859962
48.8471076974
2.40747877529
48.8325740544
2.31141917957
48.8282841142
2.3033660535
48.8465506851
2.28477481962
48.8528463556
2.29798828554
48.8398553812
2.26307814089
48.8754279643
2.27958777872
48.8651714231
2.27515816983
48.888835619
2.37903396509
48.8623403028
2.34220322183
48.8627443768
2.3593648618
48.8551043844
2.2958959039
48.8827090859
2.34349779973
48.853785099
2.39046530224
48.8428565377
2.38828352413
48.8582522408
2.26831350353
48.8677655868
2.29470407503
48.8460029693
2.25282376963
48.8821573953
2.29061402601
48.8883716064
2.33711015851
48.8810641844
2.38730905609
48.8920795008
2.36154810397
48.8844921094
2.3446622119
48.8825673448
2.33677389498
48.8534971662
2.35396819914
48.8789207975
2.29447373008
48.8919370825
2.32718401427
48.8222770261
2.33659156746
48.8484366415
2.35914650646
48.8570490157
2.40451726853
48.8684257393
2.38988864439
48.8521493385
2.38538721404
48.8786193549
2.37826223132
48.8244420789
2.33853893046
48.8495804478
2.3936632084
48.8452888819
2.36925175252
48.8455922983
2.3849164361
48.847451502
2.37177589149
48.8309615672
2.29183408576
48.857262109
2.2911045586
48.8512926793
2.27548876117
48.8835019855
2.38345050831
48.8536250405
2.31131965274
48.8823161502
2.34143290901
48.8839813125
2.33178483538
48.8707513171
2.35456149776
48.8757753918
2.3562513574
48.8311339785
2.34443170133
48.8303257455
2.3752007184
48.8558253602
2.38539411647
48.8488801919
2.36761892188
48.8992517372
2.37446461357
48.8843823957
2.33027499744
48.8573418186
2.34612205038
48.8856593152
2.32634362379
48.8508110312
2.34408716527
48.8772201377
2.34673564324
48.8347068018
2.40678654994
48.8768427866
2.33128852474
48.8706908113
2.40935899606
48.8883480374
2.36615710882
48.8850625752
2.35609316866
48.8865972858
2.37715913735
48.8238450159
2.31818117174
48.8539831714
2.36970018383
48.8662247852
2.36500325622
48.8588174941
2.38932122026
48.8405254287
2.39204037488
48.8440933263
2.41126547313
48.8360452467
2.29341777695
48.8346285233
2.28414114785
48.8555327438
2.2898684017
48.8567894245
2.35418309229
48.8431229702
2.35207298398
48.8816653926
2.34551626347
48.8763040463
2.36139577184
48.8723150752
2.36958303046
48.8762387318
2.36817760373
48.819583695
2.36398233825
48.8884941384
2.34943063166
48.8842051599
2.3551514771
48.893502449
2.33689208952
48.8199054717
2.36194746999
48.8377639863
2.31303106986
48.8684430307
2.24571854983
48.8213968839
2.34091141227
48.8801430155
2.38033455813
48.8554039878
2.40008152078
48.8547611226
2.39595516696
48.8736801854
2.38975171511
48.8941221607
2.3523880449
48.8532924503
2.38788033423
48.861740756
2.37266335372
48.8391653442
2.39230258736
48.8428648417
2.29781054041
48.8793838902
2.38442044336
48.8579704399
2.34653567266
48.8422241004
2.33722842443
48.8498348768
2.32305465508
48.8553646406
2.28298011258
48.8587379234
2.39912874955
48.8914363904
2.34974114414
48.8993882155
2.34445799806
48.8840786533
2.35342926719
48.8542022746
2.35464439359
48.8626080941
2.31956798295
48.8346877946
2.34082769223
48.8958355574
2.32804076334
48.8431044829
2.42041898219
48.8253636652
2.36942950074
48.8704589966
2.38556177118
48.8802748534
2.30907718914
48.8749518756
2.36058658777
48.8715541634
2.40214018613
48.8659675074
2.38763183272
48.8623598304
2.40699313817
48.8680291967
2.36532029533
48.8571881565
2.38095649246
48.8586921457
2.3839455514
48.8973126818
2.38565335569
48.8855238911
2.38101490722
48.8494749622
2.36612319381
48.8461292394
2.34004429668
48.8513882788
2.34280306826
48.8820890187
2.33916330104
48.871093694
2.36098426518
48.8683459449
2.36077777015
48.8781474122
2.36164569043
48.8749245714
2.36364969934
48.8239434511
2.35812680471
48.846571731
2.40391107071
48.8998964294
2.36657341965
48.8411834889
2.36337711776
48.8844550477
2.34273602921
48.9007058424
2.34022806714
48.8904544446
2.35460972914
48.885957541
2.35627051059
48.8875400451
2.29436414584
48.8442922873
2.28919956477
48.8420964537
2.27529680734
48.8438817771
2.26862331347
48.8482636482
2.40003159278
48.8323424502
2.33094075003
48.8296102451
2.32630790602
48.8409122312
2.3164276372
48.8465213727
2.31694565359
48.8527219868
2.33459027245
48.8792271986
2.30402816458
48.8771534016
2.35510090062
48.834961552
2.34636990745
48.8212404043
2.36901388755
48.8560086059
2.37669958991
48.852581391
2.29357143354
48.8850281422
2.35486399614
48.8846449093
2.35909847682
48.8991988464
2.37012649908
48.8991942601
2.34396369525
48.8770683893
2.3925535783
48.8730821072
2.2960628329
48.881884193
2.28601752567
48.8528493146
2.35106433396
48.831979631
2.37771567055
48.8421354639
2.30558817431
48.8599893082
2.38466219335
48.8754459867
2.39477663009
48.875944319
2.40698934704
48.8897523897
2.3635013249
48.868833016
2.24801957848
48.8541358697
2.37766691951
48.8623006199
2.37905139275
48.8347382871
2.393533357
48.8461981515
2.41126939777
48.8419992063
2.40989575246
48.8280565585
2.3565324955
48.8621579634
2.28638203357
48.8508303952
2.27789098998
48.8598552341
2.34883723066
48.8649756673
2.36013286101
48.8499307063
2.36673549587
48.8541506718
2.35602359966
48.8754179884
2.31511517155
48.8761960453
2.37218354456
48.8745920353
2.36273383493
48.8700197163
2.37529380457
48.8339831942
2.3824713994
48.8662497961
2.39992113552
48.8708534007
2.39696957937
48.899016852
2.33769097705
48.8749477123
2.29569743165
48.8313394865
2.34813916839
48.8412776514
2.28555547039
48.8878509699
2.29358154028
48.8708129956
2.41126495608
48.8740706795
2.37638229452
48.8667550349
2.38338972663
48.8553275637
2.41523391259
48.8932452482
2.34642511039
48.8558162635
2.40150868187
48.8256858922
2.31505362415
48.8226298513
2.32885651344
48.8289648328
2.32797958956
48.8642420866
2.37952312138
48.8583131789
2.38024266695
48.8240656807
2.35309546437
48.8268340679
2.36458136524
48.8297799593
2.36896816337
48.8460231201
2.30890949018
48.8571927976
2.26669903158
48.8857730297
2.37036598805
48.8886953627
2.37392407191
48.8894777615
2.3807026479
48.862313183
2.35020308091
48.8674378411
2.34382099288
48.86736443
2.35402037552
48.874613485
2.30236199298
48.8779817744
2.37008389883
48.8801634271
2.36731782051
48.838110613
2.32233836205
48.8403808019
2.27905909956
48.8992899143
2.34053038934
48.8842570209
2.36738105028
48.8583163295
2.34272249467
48.881117592
2.28297085552
48.8230296745
2.34850913927
48.831220695
2.36985477709
48.8237753366
2.31877852332
48.8313476109
2.32053176159
48.8448441045
2.26917260444
48.8818247678
2.38364096355
48.822256266
2.3236001538
48.8296167198
2.379618716
48.8958345397
2.37566147354
48.8262316593
2.30534375608
48.8348104885
2.33211876977
48.8339254357
2.31456172136
48.8252447708
2.31580730337
48.8556437652
2.38355339725
48.8492392927
2.37108368197
48.84733414
2.31095989864
48.8453782139
2.29218246786
48.8623619666
2.26822808579
48.8422349218
2.25617823467
48.8762331646
2.38054129425
48.8540198901
2.34939889103
48.8443966026
2.36039469716
48.8701413131
2.31016091816
48.8694709562
2.31276020722
48.8282285083
2.37673420191
48.8500219213
2.37696622172
48.8918972348
2.30414277451
48.8858973604
2.35332364935
48.8978997151
2.32937581748
48.8987733108
2.36929812815
48.8984120785
2.36238660311
48.8941300556
2.35176286507
48.8769298905
2.28595030976
48.8327776209
2.41429984862
48.8210141275
2.35678871658
48.8322924338
2.32688024224
48.8365453738
2.31640280653
48.8212352843
2.3360474471
48.8476244281
2.25666350836
48.8954613016
2.32048564114
48.8443565988
2.38199687803
48.8756690962
2.36938049926
48.8649497413
2.39471760216
48.8637727551
2.38912413726
48.8866445422
2.36501249488
48.8337754306
2.31989187191
48.8830287826
2.38142198709
48.8521369735
2.39371833617
48.8444926838
2.37744418513
48.8436837709
2.40188520621
48.8365136862
2.40439414548
48.8490352799
2.28792008019
48.8491847084
2.30356403439
48.8683025332
2.2937401607
48.8412299559
2.25461090874
48.8947410538
2.38202690795
48.865503514
2.35224909127
48.857832517
2.35581305138
48.8582009674
2.34979759401
48.8392007126
2.33873158816
48.8417544325
2.33748462839
48.8767420781
2.34685265234
48.8757495134
2.36046357608
48.8325839304
2.35616416627
48.8404714774
2.3268312111
48.8477555684
2.25148547436
48.8995352757
2.33823327811
48.9000169016
2.34503508955
48.8794522547
2.38272924617
48.8662619158
2.40976262845
48.8882245069
2.32593611117
48.8965489205
2.3382696835
48.9011330332
2.34444160505
48.8659772751
2.3877480237
48.8922564464
2.33910131513
48.8699106986
2.41108691361
48.859172245
2.31958288263
48.8514013047
2.32048539326
48.8823866226
2.34413295596
48.8583381132
2.41471511141
48.8683430116
2.38189799585
48.8557718805
2.40991820349
48.8303689535
2.33383416955
48.8658415626
2.36937734013
48.8441411952
2.44113275427
48.8226634808
2.36685643453
48.8281983658
2.3584532011
48.8243414299
2.3211169227
48.838073563
2.27798287108
48.8409059865
2.30028098082
48.8462434673
2.27762806566
48.8356684738
2.30259574654
48.8379520915
2.3511865079
48.8689996563
2.35617327573
48.8835732713
2.36874246427
48.839634279
2.36175466682
48.8290821464
2.36077831233
48.8306262464
2.3533725292
48.8625885234
2.28905120098
48.8871986836
2.3172497878
48.8914764023
2.33161927999
48.895089557
2.35883888312
48.8977589069
2.34164200088
48.8933841365
2.3698556399
48.8427745356
2.29740606322
48.8781242944
2.37992746866
48.8577865478
2.34932127189
48.8481553035
2.34937339352
48.8363216862
2.3737508093
48.8955585986
2.3638154517
48.8656174298
2.25232408823
48.824988519
2.31127922424
48.8574937066
2.39245136132
48.8389404106
2.38957293793
48.8508467765
2.37028595756
48.839666054
2.30195906798
48.8478417919
2.30207203109
48.8510453386
2.29512258025
48.8484437882
2.25717759017
48.8822137234
2.37033634215
48.8687490665
2.34323594565
48.8611231317
2.36703242376
48.8553031979
2.36041970188
48.8832700916
2.34961000338
48.832713523
2.3615805511
48.8762636893
2.28100617118
48.8947649644
2.32685024107
48.8856585441
2.32751510267
48.8810165196
2.39878084959
48.8841038703
2.35218642261
48.8948461047
2.31429355174
48.8830975511
2.32523021063
48.8187228095
2.36031053508
48.8768554586
2.38079007278
48.8358694912
2.2546935723
48.8491004434
2.40258392889
48.8705858895
2.39820179219
48.8649204164
2.39982370309
48.8281181285
2.37754066713
48.8806802415
2.40040879387
48.8421757114
2.32316498322
48.8322602186
2.32530965544
48.865770228
2.37760700928
48.839621341
2.37821862804
48.8460085933
2.36702780566
48.8348054383
2.35780585089
48.8223447363
2.37276364366
48.8337173046
2.36512631285
48.8371892982
2.29680197242
48.8362409436
2.28169181692
48.8602837759
2.34647836095
48.8689183647
2.34062639508
48.869408299
2.35350208569
48.8712998858
2.34365407308
48.8605238416
2.35117112565
48.8416407781
2.34869157229
48.8478120456
2.34398782403
48.8412025695
2.33232860439
48.8516268311
2.32518013795
48.8725278401
2.32653044647
48.882675621
2.34334023318
48.8718385333
2.36546559034
48.8773676983
2.37097101088
48.8957747346
2.34600060446
48.8835348826
2.33353025354
48.8578537652
2.34428619931
48.8672625741
2.31708987828
48.8833450319
2.32631183008
48.8185791039
2.35493292057
48.8469941193
2.36159796274
48.8861950735
2.36477444557
48.8581554195
2.37511074593
48.8651867542
2.40976945297
48.8514247509
2.41130334418
48.8454562227
2.35324384799
48.874984989
2.39928125458
48.8713689371
2.36501315503
48.8592346115
2.38912226795
48.8266907075
2.34180649318
48.8319295613
2.30273348542
48.8390921098
2.28255646378
48.8580216491
2.34737782238
48.8636624932
2.35096273642
48.8668198765
2.35272665061
48.8681621887
2.34845002884
48.8476830908
2.32796909231
48.8688403488
2.30122008119
48.8725811862
2.36407391779
48.8722796194
2.37662795276
48.8547522453
2.39400913597
48.8964291398
2.33462742555
48.8873617985
2.34354515643
48.8881820357
2.3737499283
48.8784476361
2.37394970487
48.861400272
2.35452858279
48.8216649905
2.37589956567
48.8230480212
2.36437669794
48.8344742599
2.34250141533
48.8262027837
2.37483450105
48.8438176146
2.26851128081
48.8721801224
2.41243178416
48.8382702297
2.34180576645
48.857042782
2.37935147821
48.8471348151
2.3842073245
48.8474448031
2.39548255058
48.8199697584
2.34772693206
48.8364136146
2.30982319931
48.8425893862
2.29213723985
48.8383970807
2.2586198461
48.8633209212
2.34382299871
48.8660179265
2.35254436608
48.8532105514
2.35958280455
48.8747742479
2.30321066457
48.865148838
2.31808803466
48.8757807114
2.35586267246
48.8766939356
2.39315838237
48.8823779733
2.38277901511
48.8715411632
2.38496892774
48.9010611673
2.33553743936
48.8856323532
2.35340146609
48.8582247589
2.36329075825
48.8337556782
2.36252862705
48.8316215313
2.299950914
48.8511194387
2.32564564251
48.8785874986
2.33672838155
48.8724204037
2.41214369996
48.8330150832
2.33118702009
48.854888192
2.37285537871
48.8605716036
2.37468010754
48.8593097812
2.37200200666
48.8404563206
2.40466278004
48.826899102
2.35132877598
48.8279445037
2.30565404276
48.8312560852
2.31610939352
48.839977939
2.32141092251
48.8394184414
2.29145798026
48.8476823115
2.27363259294
48.8889514423
2.39309575988
48.8635546307
2.36630552711
48.8564861601
2.34979646397
48.8615373524
2.35003085703
48.8462252163
2.35487219416
48.8374184706
2.3535436411
48.8544281272
2.33099521113
48.8818143962
2.35323834586
48.849620045
2.40370183876
48.8963596202
2.35301646036
48.8832470811
2.34590618281
48.8908073525
2.31967010307
48.827954661
2.32254351193
48.8417462173
2.27619643946
48.8671594062
2.39129790897
48.8873387405
2.34353546456
48.8237616999
2.33694433206
